{
    "camera_angle_x": 0.6911112070083618,
    "frames": [
        {
            "file_path": "./photo/photo_0.png",
            "rotation": 0.0,
            "transform_matrix": [
                [
                    3.925231146709429e-17,
                    0.7071067811865462,
                    -0.7071067811865489,
                    -0.707106781186552
                ],
                [
                    -0.9945218953682734,
                    -0.07391278520356685,
                    -0.07391278520356662,
                    -0.22173835561070004
                ],
                [
                    -0.1045284632676535,
                    0.7032331762534058,
                    0.7032331762534028,
                    2.109699528760211
                ],
                [
                    0.0,
                    0.0,
                    0.0,
                    1.0
                ]
            ]
        },
        {
            "file_path": "./photo/photo_1.png",
            "rotation": 0.0,
            "transform_matrix": [
                [
                    3.925231146709429e-17,
                    0.7071067811865462,
                    -0.7071067811865489,
                    -0.707106781186552
                ],
                [
                    -0.9945218953682734,
                    -0.07391278520356685,
                    -0.07391278520356662,
                    -0.22173835561070004
                ],
                [
                    -0.1045284632676535,
                    0.7032331762534058,
                    0.7032331762534028,
                    2.109699528760211
                ],
                [
                    0.0,
                    0.0,
                    0.0,
                    1.0
                ]
            ]
        },
        {
            "file_path": "./photo/photo_2.png",
            "rotation": 0.0,
            "transform_matrix": [
                [
                    3.925231146709429e-17,
                    0.7071067811865462,
                    -0.7071067811865489,
                    -0.707106781186552
                ],
                [
                    -0.9945218953682734,
                    -0.07391278520356685,
                    -0.07391278520356662,
                    -0.22173835561070004
                ],
                [
                    -0.1045284632676535,
                    0.7032331762534058,
                    0.7032331762534028,
                    2.109699528760211
                ],
                [
                    0.0,
                    0.0,
                    0.0,
                    1.0
                ]
            ]
        },
        {
            "file_path": "./photo/photo_3.png",
            "rotation": 0.0,
            "transform_matrix": [
                [
                    6.135748301677472e-17,
                    0.27563735581700016,
                    -0.9612616959383187,
                    -1.6468860360596371
                ],
                [
                    -0.9945218953682734,
                    -0.10047920787449081,
                    -0.028811949222710496,
                    -0.1581031063199118
                ],
                [
                    -0.10452846326765348,
                    0.9559958037894976,
                    0.2741273855414222,
                    1.5042505748723418
                ],
                [
                    0.0,
                    0.0,
                    0.0,
                    1.0
                ]
            ]
        },
        {
            "file_path": "./photo/photo_4.png",
            "rotation": 0.0,
            "transform_matrix": [
                [
                    6.135748301677472e-17,
                    -0.2756373558170003,
                    0.9612616959383187,
                    1.6468860360596367
                ],
                [
                    -0.9945218953682734,
                    0.10047920787449081,
                    0.028811949222710506,
                    0.1581031063199118
                ],
                [
                    -0.10452846326765348,
                    -0.9559958037894976,
                    -0.2741273855414223,
                    -1.504250574872342
                ],
                [
                    0.0,
                    0.0,
                    0.0,
                    1.0
                ]
            ]
        },
        {
            "file_path": "./photo/photo_5.png",
            "rotation": 0.0,
            "transform_matrix": [
                [
                    5.946049173238984e-17,
                    0.3583679495453013,
                    0.9335804264972013,
                    2.2255288025397038
                ],
                [
                    -0.9945218953682734,
                    0.09758572731851303,
                    -0.03745965105035027,
                    0.02266642521781249
                ],
                [
                    -0.1045284632676535,
                    -0.9284661752387179,
                    0.3564047724210348,
                    -0.21565663039664823
                ],
                [
                    0.0,
                    0.0,
                    0.0,
                    1.0
                ]
            ]
        },
        {
            "file_path": "./photo/photo_6.png",
            "rotation": 0.0,
            "transform_matrix": [
                [
                    5.4041587755670506e-17,
                    0.8987940462991667,
                    -0.438371146789078,
                    0.022051752721010717
                ],
                [
                    -0.9945218953682734,
                    -0.045822262314741215,
                    -0.09394956045376812,
                    -0.23372138322227745
                ],
                [
                    -0.10452846326765348,
                    0.43596970377943745,
                    0.893870358471167,
                    2.2237104207217713
                ],
                [
                    0.0,
                    0.0,
                    0.0,
                    1.0
                ]
            ]
        },
        {
            "file_path": "./photo/photo_7.png",
            "rotation": 0.0,
            "transform_matrix": [
                [
                    3.858479066855767e-17,
                    0.7193398003386507,
                    -0.6946583704589975,
                    -0.6699769405793444
                ],
                [
                    -0.9945218953682734,
                    -0.07261157196009133,
                    -0.07519148389665989,
                    -0.22299453975341113
                ],
                [
                    -0.10452846326765347,
                    0.6908529592223186,
                    0.7153991816466304,
                    2.1216513225155795
                ],
                [
                    0.0,
                    0.0,
                    0.0,
                    1.0
                ]
            ]
        },
        {
            "file_path": "./photo/photo_8.png",
            "rotation": 0.0,
            "transform_matrix": [
                [
                    6.322849280324136e-17,
                    0.9876883405951378,
                    -0.1564344650402311,
                    0.6748194105146755
                ],
                [
                    -0.9945218953682734,
                    -0.01635185423275276,
                    -0.10324154442978849,
                    -0.22283494309232973
                ],
                [
                    -0.10452846326765348,
                    0.15557750067273254,
                    0.9822776805218211,
                    2.1201328617163746
                ],
                [
                    0.0,
                    0.0,
                    0.0,
                    1.0
                ]
            ]
        },
        {
            "file_path": "./photo/photo_9.png",
            "rotation": 0.0,
            "transform_matrix": [
                [
                    4.459536879929236e-17,
                    0.3583679495453,
                    0.9335804264972017,
                    2.2255288025397038
                ],
                [
                    -0.9945218953682734,
                    0.09758572731851306,
                    -0.037459651050350144,
                    0.02266642521781279
                ],
                [
                    -0.10452846326765347,
                    -0.9284661752387182,
                    0.3564047724210336,
                    -0.2156566303966511
                ],
                [
                    0.0,
                    0.0,
                    0.0,
                    1.0
                ]
            ]
        },
        {
            "file_path": "./photo/photo_10.png",
            "rotation": 0.0,
            "transform_matrix": [
                [
                    5.98707052089411e-17,
                    0.3746065934159124,
                    0.9271838545667872,
                    2.228974302549487
                ],
                [
                    -0.9945218953682734,
                    0.09691710348444582,
                    -0.03915705153969596,
                    0.018603000405053905
                ],
                [
                    -0.1045284632676535,
                    -0.9221046443986228,
                    0.3725544593014455,
                    -0.17699572579573192
                ],
                [
                    0.0,
                    0.0,
                    0.0,
                    1.0
                ]
            ]
        },
        {
            "file_path": "./photo/photo_11.png",
            "rotation": 0.0,
            "transform_matrix": [
                [
                    5.146166732332937e-17,
                    0.8090169943749472,
                    -0.5877852522924732,
                    -0.36655351020999943
                ],
                [
                    -0.9945218953682734,
                    -0.06144028915352217,
                    -0.08456530317942913,
                    -0.2305708955123804
                ],
                [
                    -0.10452846326765347,
                    0.5845653031794292,
                    0.8045851146309163,
                    2.193735532441262
                ],
                [
                    0.0,
                    0.0,
                    0.0,
                    1.0
                ]
            ]
        },
        {
            "file_path": "./photo/photo_12.png",
            "rotation": 0.0,
            "transform_matrix": [
                [
                    6.030511520179172e-17,
                    0.9205048534524403,
                    0.3907311284892737,
                    1.7019671104309877
                ],
                [
                    -0.9945218953682734,
                    0.040842524411819896,
                    -0.09621895776180013,
                    -0.15159539111178036
                ],
                [
                    -0.10452846326765347,
                    -0.38859066248453683,
                    0.9154622315512156,
                    1.4423338006178943
                ],
                [
                    0.0,
                    0.0,
                    0.0,
                    1.0
                ]
            ]
        },
        {
            "file_path": "./photo/photo_13.png",
            "rotation": 0.0,
            "transform_matrix": [
                [
                    5.836787854364498e-17,
                    0.9510565162951568,
                    0.3090169943749375,
                    1.5690905050450317
                ],
                [
                    -0.9945218953682734,
                    0.03230107154560139,
                    -0.0994124761290208,
                    -0.16652388071244015
                ],
                [
                    -0.1045284632676535,
                    -0.3073241669467699,
                    0.9458465291882067,
                    1.5843688914296432
                ],
                [
                    0.0,
                    0.0,
                    0.0,
                    1.0
                ]
            ]
        },
        {
            "file_path": "./photo/photo_14.png",
            "rotation": 0.0,
            "transform_matrix": [
                [
                    6.618945907121693e-17,
                    -0.8386705679454228,
                    -0.5446390350150289,
                    -1.9279486379754804
                ],
                [
                    -0.9945218953682734,
                    -0.05693028136569873,
                    0.0876649456551452,
                    0.11839960994459167
                ],
                [
                    -0.10452846326765346,
                    0.5416554453946939,
                    -0.8340762428226683,
                    -1.126497040250643
                ],
                [
                    0.0,
                    0.0,
                    0.0,
                    1.0
                ]
            ]
        },
        {
            "file_path": "./photo/photo_15.png",
            "rotation": 0.0,
            "transform_matrix": [
                [
                    5.4513918819613315e-17,
                    -0.8910065241883693,
                    0.45399049973954364,
                    0.016974475290717585
                ],
                [
                    -0.9945218953682734,
                    0.04745492927588848,
                    0.09313554273486359,
                    0.23372601474561566
                ],
                [
                    -0.10452846326765347,
                    -0.45150349228016057,
                    -0.8861254972213144,
                    -2.223754486722789
                ],
                [
                    0.0,
                    0.0,
                    0.0,
                    1.0
                ]
            ]
        },
        {
            "file_path": "./photo/photo_16.png",
            "rotation": 0.0,
            "transform_matrix": [
                [
                    6.003861187721756e-17,
                    0.8090169943749478,
                    0.5877852522924725,
                    1.9845874989598933
                ],
                [
                    -0.9945218953682734,
                    0.06144028915352219,
                    -0.08456530317942913,
                    -0.10769031720533609
                ],
                [
                    -0.10452846326765347,
                    -0.5845653031794285,
                    0.804585114630917,
                    1.0246049260824055
                ],
                [
                    0.0,
                    0.0,
                    0.0,
                    1.0
                ]
            ]
        },
        {
            "file_path": "./photo/photo_17.png",
            "rotation": 0.0,
            "transform_matrix": [
                [
                    7.044466205211502e-17,
                    0.7880107536067195,
                    0.6156614753256614,
                    2.0193337042580426
                ],
                [
                    -0.9945218953682734,
                    0.06435414790888781,
                    -0.08236955311289587,
                    -0.10038495831690394
                ],
                [
                    -0.10452846326765347,
                    -0.6122888173461043,
                    0.783693948247536,
                    0.9550990791489679
                ],
                [
                    0.0,
                    0.0,
                    0.0,
                    1.0
                ]
            ]
        },
        {
            "file_path": "./photo/photo_18.png",
            "rotation": 0.0,
            "transform_matrix": [
                [
                    4.1849091848286145e-17,
                    0.5591929034707466,
                    -0.8290375725550417,
                    -1.098882241639337
                ],
                [
                    -0.9945218953682734,
                    -0.08665802345032428,
                    -0.05845157486997449,
                    -0.20356117319027325
                ],
                [
                    -0.1045284632676535,
                    0.8244960179889529,
                    0.5561295862362148,
                    1.9367551904613827
                ],
                [
                    0.0,
                    0.0,
                    0.0,
                    1.0
                ]
            ]
        },
        {
            "file_path": "./photo/photo_19.png",
            "rotation": 0.0,
            "transform_matrix": [
                [
                    7.355299665716719e-17,
                    -0.754709580222775,
                    0.6560590289905036,
                    0.5574084777582324
                ],
                [
                    -0.9945218953682734,
                    0.06857684211324623,
                    0.07888863263406257,
                    0.22635410738137138
                ],
                [
                    -0.1045284632676535,
                    -0.6524650689851048,
                    -0.7505752021757482,
                    -2.1536154733366013
                ],
                [
                    0.0,
                    0.0,
                    0.0,
                    1.0
                ]
            ]
        }
    ]
}