{"camera_angle_x": 0.7, "frames": [{"file_path": "./photo/photo_0.png", "rotation": 0.0, "transform_matrix": [[0.44994093635632065, 0.09335001326365472, 0.8881660479969232, 2.9031357336388686], [0.8930583148881138, -0.04703163463853527, -0.4474761128288636, -1.4626588080383283], [0.0, 0.9945218953682733, -0.10452846326765347, -0.34167070175568565], [0.0, 0.0, 0.0, 1.0]]}, {"file_path": "./photo/photo_1.png", "rotation": 0.0, "transform_matrix": [[0.5150643670959435, 0.08959672931401072, 0.8524559365998262, 2.7864106002215916], [0.8571515022141973, -0.05383888677646551, -0.5122427906009178, -1.6743607268554006], [0.0, 0.9945218953682733, -0.10452846326765347, -0.34167070175568565], [0.0, 0.0, 0.0, 1.0]]}, {"file_path": "./photo/photo_2.png", "rotation": 0.0, "transform_matrix": [[0.5679093895451711, 0.08603644567668489, 0.8185821005139031, 2.6756876738068116], [0.8230910795692242, -0.059362695764427924, -0.5647983224879026, -1.846148246729197], [0.0, 0.9945218953682733, -0.10452846326765347, -0.34167070175568565], [0.0, 0.0, 0.0, 1.0]]}, {"file_path": "./photo/photo_3.png", "rotation": 0.0, "transform_matrix": [[0.6275070035220988, 0.08138700266824796, 0.7743456052224971, 2.5310924705775686], [0.7786109172948429, -0.065592342767855, -0.6240694544996634, -2.0398869532521977], [0.0, 0.9945218953682733, -0.10452846326765347, -0.34167070175568565], [0.0, 0.0, 0.0, 1.0]]}, {"file_path": "./photo/photo_4.png", "rotation": 0.0, "transform_matrix": [[0.7089479856051392, 0.07371982449146385, 0.7013972777131111, 2.292647309586205], [0.7052607700038444, -0.07410524347200372, -0.7050642943615423, -2.304633634769338], [0.0, 0.9945218953682733, -0.10452846326765347, -0.34167070175568565], [0.0, 0.0, 0.0, 1.0]]}, {"file_path": "./photo/photo_5.png", "rotation": 0.0, "transform_matrix": [[0.7648601488800839, 0.06733685574958136, 0.6406673868029306, 2.0941403785917583], [0.6441963618766686, -0.07994965597710382, -0.7606701649558807, -2.4863917534078497], [0.0, 0.9945218953682733, -0.10452846326765347, -0.34167070175568565], [0.0, 0.0, 0.0, 1.0]]}, {"file_path": "./photo/photo_6.png", "rotation": 0.0, "transform_matrix": [[0.8783996455286295, 0.049956957958339876, 0.475308705039921, 1.5536348064903647], [0.4779268382662539, -0.09181776508195917, -0.873587680361952, -2.855483630617525], [0.0, 0.9945218953682733, -0.10452846326765347, -0.34167070175568565], [0.0, 0.0, 0.0, 1.0]]}, {"file_path": "./photo/photo_7.png", "rotation": 0.0, "transform_matrix": [[0.9416183152872333, 0.03519287988636357, 0.3348378854325425, 1.0944798355753622], [0.3366822661139616, -0.0984259154816513, -0.9364600316329396, -3.0609935913330366], [0.0, 0.9945218953682733, -0.10452846326765347, -0.34167070175568565], [0.0, 0.0, 0.0, 1.0]]}, {"file_path": "./photo/photo_8.png", "rotation": 0.0, "transform_matrix": [[0.9752389775519104, 0.023116851122675777, 0.21994214661514186, 0.7189217676263499], [0.22115364944649799, -0.10194023164221878, -0.9698965163919429, -3.1702869536835303], [0.0, 0.9945218953682733, -0.10452846326765347, -0.34167070175568565], [0.0, 0.0, 0.0, 1.0]]}, {"file_path": "./photo/photo_9.png", "rotation": 0.0, "transform_matrix": [[0.9854402505059944, 0.0177721482794648, 0.16909069586531295, 0.5527043535379014], [0.17002209468972862, -0.10300655502748307, -0.9800419057054076, -3.2034490434909753], [0.0, 0.9945218953682733, -0.10452846326765347, -0.34167070175568565], [0.0, 0.0, 0.0, 1.0]]}, {"file_path": "./photo/photo_10.png", "rotation": 0.0, "transform_matrix": [[0.9925012263103559, 0.012777002735807083, 0.12156506066106762, 0.39735798543871464], [0.12223467500034461, -0.10374462797748306, -0.9870642007455107, -3.2264027194494926], [0.0, 0.9945218953682733, -0.10452846326765347, -0.34167070175568565], [0.0, 0.0, 0.0, 1.0]]}, {"file_path": "./photo/photo_11.png", "rotation": 0.0, "transform_matrix": [[0.9957831476188739, 0.00958926764156343, 0.09123578719091793, 0.29822112045150234], [0.091738339412963, -0.10408768216842781, -0.9903281433457075, -3.237071522221844], [0.0, 0.9945218953682733, -0.10452846326765347, -0.34167070175568565], [0.0, 0.0, 0.0, 1.0]]}, {"file_path": "./photo/photo_12.png", "rotation": 0.0, "transform_matrix": [[0.9977342854697859, 0.007032439783119546, 0.06690919509897339, 0.21870513474245892], [0.0672777496509484, -0.104291631609607, -0.9922685926593213, -3.2434142413050293], [0.0, 0.9945218953682733, -0.10452846326765347, -0.34167070175568565], [0.0, 0.0, 0.0, 1.0]]}, {"file_path": "./photo/photo_13.png", "rotation": 0.0, "transform_matrix": [[0.9995799186365127, 0.0030294979040705263, 0.028823747172630435, 0.09421577258324292], [0.0289825164301254, -0.10448455280828077, -0.9941041152544491, -3.2494139879152883], [0.0, 0.9945218953682733, -0.10452846326765347, -0.34167070175568565], [0.0, 0.0, 0.0, 1.0]]}, {"file_path": "./photo/photo_14.png", "rotation": 0.0, "transform_matrix": [[0.9998916135889193, -0.0015389524921802491, -0.014642154888337023, -0.04786060350952923], [-0.014722807970874292, -0.10451713380266411, -0.9944141027092932, -3.250427239501709], [0.0, 0.9945218953682733, -0.10452846326765347, -0.34167070175568565], [0.0, 0.0, 0.0, 1.0]]}, {"file_path": "./photo/photo_15.png", "rotation": 0.0, "transform_matrix": [[0.9828019296873156, -0.019302523602768677, -0.18365124444297476, -0.6002982116599594], [-0.18466284683955436, -0.10273077540669952, -0.9774180378842255, -3.1948724440485647], [0.0, 0.9945218953682733, -0.10452846326765347, -0.34167070175568565], [0.0, 0.0, 0.0, 1.0]]}, {"file_path": "./photo/photo_16.png", "rotation": 0.0, "transform_matrix": [[0.9290452162749014, -0.0386719979195374, -0.3679394823794163, -1.2026785548955963], [-0.3699661959108177, -0.0971116687633802, -0.9239558093725424, -3.020121217808523], [0.0, 0.9945218953682733, -0.10452846326765347, -0.34167070175568565], [0.0, 0.0, 0.0, 1.0]]}, {"file_path": "./photo/photo_17.png", "rotation": 0.0, "transform_matrix": [[0.892505590045552, -0.047146134540566584, -0.4485655066267623, -1.4662196940571273], [-0.4510363308398129, -0.09329223778525186, -0.8876163510388815, -2.901338947007402], [0.0, 0.9945218953682733, -0.10452846326765347, -0.34167070175568565], [0.0, 0.0, 0.0, 1.0]]}, {"file_path": "./photo/photo_18.png", "rotation": 0.0, "transform_matrix": [[0.8681645657140473, -0.05187501172713749, -0.4935577676390566, -1.6132852579531827], [-0.49627642180395765, -0.09074790791751912, -0.8634086693855082, -2.8222116421583143], [0.0, 0.9945218953682733, -0.10452846326765347, -0.34167070175568565], [0.0, 0.0, 0.0, 1.0]]}, {"file_path": "./photo/photo_19.png", "rotation": 0.0, "transform_matrix": [[0.8419463287642087, -0.05639951188321076, -0.5366055110971247, -1.753994804965803], [-0.5395612842675713, -0.08800735589956528, -0.8373340586809402, -2.7369819328625407], [0.0, 0.9945218953682733, -0.10452846326765347, -0.34167070175568565], [0.0, 0.0, 0.0, 1.0]]}, {"file_path": "./photo/photo_20.png", "rotation": 0.0, "transform_matrix": [[0.8099894773605951, -0.061300133017764095, -0.583231806623331, -1.9064015142456923], [-0.586444410464547, -0.0846669553314728, -0.8055522702530161, -2.6330972528838976], [0.0, 0.9945218953682733, -0.10452846326765347, -0.34167070175568565], [0.0, 0.0, 0.0, 1.0]]}, {"file_path": "./photo/photo_21.png", "rotation": 0.0, "transform_matrix": [[0.6994748431563952, -0.07470202109356085, -0.710742254151161, -2.3231931012076044], [-0.7146572211846295, -0.07311503044952093, -0.6956430467783238, -2.2738385367401066], [0.0, 0.9945218953682733, -0.10452846326765347, -0.34167070175568565], [0.0, 0.0, 0.0, 1.0]]}, {"file_path": "./photo/photo_22.png", "rotation": 0.0, "transform_matrix": [[0.5789660922414172, -0.08522745184844854, -0.8108850383908457, -2.6505283962777026], [-0.8153516198761752, -0.06051843590607384, -0.5757944554098967, -1.8820911500744444], [0.0, 0.9945218953682733, -0.10452846326765347, -0.34167070175568565], [0.0, 0.0, 0.0, 1.0]]}, {"file_path": "./photo/photo_23.png", "rotation": 0.0, "transform_matrix": [[0.5239754557096702, -0.08903037955840055, -0.8470674786163913, -2.7687974242212228], [-0.8517333630977734, -0.05477034917530025, -0.5211050633388359, -1.703328711754991], [0.0, 0.9945218953682733, -0.10452846326765347, -0.34167070175568565], [0.0, 0.0, 0.0, 1.0]]}, {"file_path": "./photo/photo_24.png", "rotation": 0.0, "transform_matrix": [[0.5226685524989666, -0.08911427507491429, -0.8478656911365782, -2.7714065301374182], [-0.8525359723956726, -0.05463374059104584, -0.5198053194806641, -1.6990802574848167], [0.0, 0.9945218953682733, -0.10452846326765347, -0.34167070175568565], [0.0, 0.0, 0.0, 1.0]]}, {"file_path": "./photo/photo_25.png", "rotation": 0.0, "transform_matrix": [[0.5042442235044646, -0.09026671409306358, -0.858830415966517, -2.807246770298707], [-0.8635610939953117, -0.052707873794512874, -0.5014819208881633, -1.639186825017354], [0.0, 0.9945218953682733, -0.10452846326765347, -0.34167070175568565], [0.0, 0.0, 0.0, 1.0]]}, {"file_path": "./photo/photo_26.png", "rotation": 0.0, "transform_matrix": [[0.31740646441033427, -0.09912325301590269, -0.9430947550814163, -3.082680417540281], [-0.9482895846472907, -0.03317800995603139, -0.315667678587508, -1.031818453012289], [0.0, 0.9945218953682733, -0.10452846326765347, -0.34167070175568565], [0.0, 0.0, 0.0, 1.0]]}, {"file_path": "./photo/photo_27.png", "rotation": 0.0, "transform_matrix": [[0.2094715989715409, -0.10220947124875895, -0.9724581601340774, -3.178660162163426], [-0.9778147315439187, -0.021895744338713354, -0.2083240916349997, -0.6809459964917742], [0.0, 0.9945218953682733, -0.10452846326765347, -0.34167070175568565], [0.0, 0.0, 0.0, 1.0]]}, {"file_path": "./photo/photo_28.png", "rotation": 0.0, "transform_matrix": [[-0.10471149504529412, -0.10395383277143859, -0.9890546514007742, -3.232908877207237], [-0.994502640924286, 0.010945331663543105, 0.10413787451929146, 0.34039398986708735], [0.0, 0.9945218953682733, -0.10452846326765347, -0.34167070175568565], [0.0, 0.0, 0.0, 1.0]]}, {"file_path": "./photo/photo_29.png", "rotation": 0.0, "transform_matrix": [[-0.25689268293666045, -0.1010204813266621, -0.9611456766828502, -3.1416832083409694], [-0.9664399357712845, 0.026852597372073662, 0.2554853979404084, 0.8351014878991585], [0.0, 0.9945218953682733, -0.10452846326765347, -0.34167070175568565], [0.0, 0.0, 0.0, 1.0]]}, {"file_path": "./photo/photo_30.png", "rotation": 0.0, "transform_matrix": [[-0.31202019924769775, -0.09930992867847101, -0.9448708553698245, -3.0884859313013995], [-0.9500754681926205, 0.03261499193582889, 0.31031091994900667, 1.0143088922100212], [0.0, 0.9945218953682733, -0.10452846326765347, -0.34167070175568565], [0.0, 0.0, 0.0, 1.0]]}, {"file_path": "./photo/photo_31.png", "rotation": 0.0, "transform_matrix": [[-0.34820977336249853, -0.09798672064153256, -0.9322813718576358, -3.0473348655353516], [-0.9374166382856863, 0.036397832504359864, 0.34630224379022895, 1.1319532207452896], [0.0, 0.9945218953682733, -0.10452846326765347, -0.34167070175568565], [0.0, 0.0, 0.0, 1.0]]}, {"file_path": "./photo/photo_32.png", "rotation": 0.0, "transform_matrix": [[-0.43770936555031287, -0.09398326783030174, -0.8941910627363038, -2.9228296136571883], [-0.8991165170930532, 0.045753087338833785, 0.43531154784754156, 1.4228966674328696], [0.0, 0.9945218953682733, -0.10452846326765347, -0.34167070175568565], [0.0, 0.0, 0.0, 1.0]]}, {"file_path": "./photo/photo_33.png", "rotation": 0.0, "transform_matrix": [[-0.5686665645988704, -0.08598178318551115, -0.8180620216509005, -2.6739876994215055], [-0.8225681359664491, 0.05944184210921572, 0.5655513496574333, 1.8486096559321221], [0.0, 0.9945218953682733, -0.10452846326765347, -0.34167070175568565], [0.0, 0.0, 0.0, 1.0]]}, {"file_path": "./photo/photo_34.png", "rotation": 0.0, "transform_matrix": [[-0.7187215928064982, -0.07267842868911845, -0.6914890585084994, -2.260260454341616], [-0.695297973557877, 0.07512686361334343, 0.7147843607200229, 2.3364054774808305], [0.0, 0.9945218953682733, -0.10452846326765347, -0.34167070175568565], [0.0, 0.0, 0.0, 1.0]]}, {"file_path": "./photo/photo_35.png", "rotation": 0.0, "transform_matrix": [[-0.8011758065494909, -0.06255286889400564, -0.595150792314773, -1.9453609333178292], [-0.598429049261291, 0.08374567586584111, 0.7967868816528048, 2.6044459517877847], [0.0, 0.9945218953682733, -0.10452846326765347, -0.34167070175568565], [0.0, 0.0, 0.0, 1.0]]}, {"file_path": "./photo/photo_36.png", "rotation": 0.0, "transform_matrix": [[-0.8740391175913567, -0.050785734598290215, -0.4831939880435545, -1.5794093189357932], [-0.48585555561310884, 0.09136196579764037, 0.8692510398529691, 2.8413085154417446], [0.0, 0.9945218953682733, -0.10452846326765347, -0.34167070175568565], [0.0, 0.0, 0.0, 1.0]]}, {"file_path": "./photo/photo_37.png", "rotation": 0.0, "transform_matrix": [[-0.922257305559832, -0.040408257213166314, -0.38445888608603296, -1.2566752949277613], [-0.38657659311127296, 0.09640213888753596, 0.9172050835426009, 2.9980552162662413], [0.0, 0.9945218953682733, -0.10452846326765347, -0.34167070175568565], [0.0, 0.0, 0.0, 1.0]]}, {"file_path": "./photo/photo_38.png", "rotation": 0.0, "transform_matrix": [[-0.9788623703588327, -0.02137816884494773, -0.20339968975473935, -0.664849674078162], [-0.20452007210904097, 0.10231897932414145, 0.973500059873947, 3.1820658050299895], [0.0, 0.9945218953682733, -0.10452846326765347, -0.34167070175568565], [0.0, 0.0, 0.0, 1.0]]}, {"file_path": "./photo/photo_39.png", "rotation": 0.0, "transform_matrix": [[-0.9901051762279555, -0.014668192882398956, -0.13955853296797735, -0.4561729925471737], [-0.1403272603830392, 0.1034941725444574, 0.9846812764761645, 3.218613688769367], [0.0, 0.9945218953682733, -0.10452846326765347, -0.34167070175568565], [0.0, 0.0, 0.0, 1.0]]}, {"file_path": "./photo/photo_40.png", "rotation": 0.0, "transform_matrix": [[-0.9999247312435048, 0.0012824745681953892, 0.01220193044508267, 0.03988427656561157], [0.012269142089188768, 0.10452059554020496, 0.9944470389419017, 3.250534897696967], [0.0, 0.9945218953682733, -0.10452846326765347, -0.34167070175568565], [0.0, 0.0, 0.0, 1.0]]}, {"file_path": "./photo/photo_41.png", "rotation": 0.0, "transform_matrix": [[-0.9967601554345427, 0.008407359224887025, 0.07999067976314546, 0.2614643976789975], [0.08043129078975658, 0.10418980729400015, 0.991299799010336, 3.2402475592783575], [0.0, 0.9945218953682733, -0.10452846326765347, -0.34167070175568565], [0.0, 0.0, 0.0, 1.0]]}, {"file_path": "./photo/photo_42.png", "rotation": 0.0, "transform_matrix": [[-0.9600176603965807, 0.02926163978097026, 0.27840590540432897, 0.9100214247755055], [0.27993944296342993, 0.1003491707510626, 0.9547585832046227, 3.120805806696814], [0.0, 0.9945218953682733, -0.10452846326765347, -0.34167070175568565], [0.0, 0.0, 0.0, 1.0]]}, {"file_path": "./photo/photo_43.png", "rotation": 0.0, "transform_matrix": [[-0.7931198704851242, 0.06366468827433928, 0.6057290471065351, 1.979937924359945], [0.6090655720377403, 0.08290360124885039, 0.7887750768491052, 2.5782578793332966], [0.0, 0.9945218953682733, -0.10452846326765347, -0.34167070175568565], [0.0, 0.0, 0.0, 1.0]]}, {"file_path": "./photo/photo_44.png", "rotation": 0.0, "transform_matrix": [[-0.7136910463850751, 0.07321807294461945, 0.6966234306309635, 2.27704310350068], [0.7004606272373748, 0.0746010283265155, 0.7097813721582511, 2.3200522798986634], [0.0, 0.9945218953682733, -0.10452846326765347, -0.34167070175568565], [0.0, 0.0, 0.0, 1.0]]}, {"file_path": "./photo/photo_45.png", "rotation": 0.0, "transform_matrix": [[-0.5970765751619762, 0.08385108641777457, 0.7977897960612206, 2.6077241638556967], [0.8021842452908465, 0.06241149685479497, 0.5938057272100858, 1.9409643381335226], [0.0, 0.9945218953682733, -0.10452846326765347, -0.34167070175568565], [0.0, 0.0, 0.0, 1.0]]}, {"file_path": "./photo/photo_46.png", "rotation": 0.0, "transform_matrix": [[-0.45048871836844184, 0.09332114308508901, 0.8878913665961906, 2.902237886449561], [0.8927821204654351, 0.04708889345046796, 0.44802089403380707, 1.4644395266175319], [0.0, 0.9945218953682733, -0.10452846326765347, -0.34167070175568565], [0.0, 0.0, 0.0, 1.0]]}, {"file_path": "./photo/photo_47.png", "rotation": 0.0, "transform_matrix": [[-0.32553915182195864, 0.09883464751030807, 0.9403488571176938, 3.073704939905905], [0.9455285615099313, 0.03402810727340467, 0.32375581428655437, 1.0582560271791672], [0.0, 0.9945218953682733, -0.10452846326765347, -0.34167070175568565], [0.0, 0.0, 0.0, 1.0]]}, {"file_path": "./photo/photo_48.png", "rotation": 0.0, "transform_matrix": [[-0.1545861374042958, 0.10327195949774459, 0.9825670605632556, 3.2117029812735822], [0.9879793146227406, 0.016158651385353367, 0.1537392983689806, 0.5025254587992329], [0.0, 0.9945218953682733, -0.10452846326765347, -0.34167070175568565], [0.0, 0.0, 0.0, 1.0]]}, {"file_path": "./photo/photo_49.png", "rotation": 0.0, "transform_matrix": [[0.05487820566184849, 0.10437094470946953, 0.9930232063974077, 3.2458808365020353], [0.9984930558313041, -0.005736334504719263, -0.054577577109231466, -0.1783969503434447], [0.0, 0.9945218953682733, -0.10452846326765347, -0.34167070175568565], [0.0, 0.0, 0.0, 1.0]]}, {"file_path": "./photo/photo_50.png", "rotation": 0.0, "transform_matrix": [[0.16684738077419742, 0.10306325998193976, 0.9805814173084686, 3.2052125373974265], [0.9859827338897929, -0.017440300312559887, -0.1659333733647868, -0.542384058369479], [0.0, 0.9945218953682733, -0.10452846326765347, -0.34167070175568565], [0.0, 0.0, 0.0, 1.0]]}, {"file_path": "./photo/photo_51.png", "rotation": 0.0, "transform_matrix": [[0.35882608709990793, 0.09756733119434118, 0.928291147808802, 3.034292076917705], [0.9334044349672704, -0.03750753946489855, -0.35686040025018156, -1.1664645166559666], [0.0, 0.9945218953682733, -0.10452846326765347, -0.34167070175568565], [0.0, 0.0, 0.0, 1.0]]}, {"file_path": "./photo/photo_52.png", "rotation": 0.0, "transform_matrix": [[0.5170348981628218, 0.08947263479645405, 0.8512752561330212, 2.782551326766001], [0.855964318229306, -0.05404486336070747, -0.5142025268924316, -1.6807664890090361], [0.0, 0.9945218953682733, -0.10452846326765347, -0.34167070175568565], [0.0, 0.0, 0.0, 1.0]]}, {"file_path": "./photo/photo_53.png", "rotation": 0.0, "transform_matrix": [[0.6381941534861544, 0.08047389864256249, 0.7656580007375077, 2.502695421312991], [0.7698754590556129, -0.0667094541303087, -0.6346980591380009, -2.074628522121969], [0.0, 0.9945218953682733, -0.10452846326765347, -0.34167070175568565], [0.0, 0.0, 0.0, 1.0]]}, {"file_path": "./photo/photo_54.png", "rotation": 0.0, "transform_matrix": [[0.7692878613386543, 0.06678347866083768, 0.6354023555000066, 2.0769306456271646], [0.6389023293094175, -0.08041247795618922, -0.765073621942324, -2.500785270653545], [0.0, 0.9945218953682733, -0.10452846326765347, -0.34167070175568565], [0.0, 0.0, 0.0, 1.0]]}, {"file_path": "./photo/photo_55.png", "rotation": 0.0, "transform_matrix": [[0.8530966058532674, 0.054538038100518486, 0.5188947711066101, 1.6961039609602144], [0.5217529885699121, -0.08917287722869312, -0.8484232533854323, -2.773229025933139], [0.0, 0.9945218953682733, -0.10452846326765347, -0.34167070175568565], [0.0, 0.0, 0.0, 1.0]]}, {"file_path": "./photo/photo_56.png", "rotation": 0.0, "transform_matrix": [[0.9363441444276468, 0.03669822159539151, 0.3491602550803766, 1.1412951616157876], [0.35108352737782805, -0.09787461450668769, -0.9312147532331675, -3.0438484244021398], [0.0, 0.9945218953682733, -0.10452846326765347, -0.34167070175568565], [0.0, 0.0, 0.0, 1.0]]}, {"file_path": "./photo/photo_57.png", "rotation": 0.0, "transform_matrix": [[0.9740378057176131, 0.023663718822350577, 0.22514524521809026, 0.7359290620550581], [0.22638540817114797, -0.1018146749962593, -0.9687019247026345, -3.166382208812726], [0.0, 0.9945218953682733, -0.10452846326765347, -0.34167070175568565], [0.0, 0.0, 0.0, 1.0]]}, {"file_path": "./photo/photo_58.png", "rotation": 0.0, "transform_matrix": [[0.9979359566974144, 0.006712506963746908, 0.06386523765459515, 0.2087553943213061], [0.06421702523798707, -0.10431271199311631, -0.9924691591108636, -3.2440698300136437], [0.0, 0.9945218953682733, -0.10452846326765347, -0.34167070175568565], [0.0, 0.0, 0.0, 1.0]]}, {"file_path": "./photo/photo_59.png", "rotation": 0.0, "transform_matrix": [[0.9993169934686651, -0.0038626719217047085, -0.036750868430190924, -0.12012704113444952], [-0.036953302487706424, -0.10445706964453126, -0.9938426304181812, -3.2485592761486246], [0.0, 0.9945218953682733, -0.10452846326765347, -0.34167070175568565], [0.0, 0.0, 0.0, 1.0]]}, {"file_path": "./photo/photo_60.png", "rotation": 0.0, "transform_matrix": [[0.9845939550418431, -0.018277465725395747, -0.1738984702109769, -0.5684194571873236], [-0.1748563516005668, -0.10291809306314495, -0.9792002463363583, -3.2006979234776067], [0.0, 0.9945218953682733, -0.10452846326765347, -0.34167070175568565], [0.0, 0.0, 0.0, 1.0]]}, {"file_path": "./photo/photo_61.png", "rotation": 0.0, "transform_matrix": [[0.9649666148082154, -0.02742541485556364, -0.26093539224408274, -0.8529158067946044], [-0.26237269733257895, -0.10086647735049246, -0.9596804267261729, -3.136893766639684], [0.0, 0.9945218953682733, -0.10452846326765347, -0.34167070175568565], [0.0, 0.0, 0.0, 1.0]]}, {"file_path": "./photo/photo_62.png", "rotation": 0.0, "transform_matrix": [[0.92267179368664, -0.04030473884004425, -0.3834739745564414, -1.253455928613907], [-0.3855862564136311, -0.09644546469447389, -0.9176173010600817, -2.999402625804952], [0.0, 0.9945218953682733, -0.10452846326765347, -0.34167070175568565], [0.0, 0.0, 0.0, 1.0]]}, {"file_path": "./photo/photo_63.png", "rotation": 0.0, "transform_matrix": [[0.833572484524695, -0.05774257832250884, -0.5493839346868417, -1.7957634564770233], [-0.5524100949868015, -0.08713205082956622, -0.8290060872363404, -2.7097604110040225], [0.0, 0.9945218953682733, -0.10452846326765347, -0.34167070175568565], [0.0, 0.0, 0.0, 1.0]]}, {"file_path": "./photo/photo_64.png", "rotation": 0.0, "transform_matrix": [[0.753682348042486, -0.06870016796839448, -0.6536384361176134, -2.13653866307153], [-0.6572388593572089, -0.07878125763283782, -0.7495535972808238, -2.4500551866975395], [0.0, 0.9945218953682733, -0.10452846326765347, -0.34167070175568565], [0.0, 0.0, 0.0, 1.0]]}, {"file_path": "./photo/photo_65.png", "rotation": 0.0, "transform_matrix": [[0.6606996158275313, -0.07846433238902699, -0.7465382550064643, -2.4401989802757926], [-0.7506503964198996, -0.06906191552398087, -0.6570802342018864, -2.147788819536031], [0.0, 0.9945218953682733, -0.10452846326765347, -0.34167070175568565], [0.0, 0.0, 0.0, 1.0]]}, {"file_path": "./photo/photo_66.png", "rotation": 0.0, "transform_matrix": [[0.5802159003196609, -0.08513453565991004, -0.8100009999093931, -2.6476387522621443], [-0.814462711863622, -0.060649076423872156, -0.5770374169087182, -1.8861540006539101], [0.0, 0.9945218953682733, -0.10452846326765347, -0.34167070175568565], [0.0, 0.0, 0.0, 1.0]]}, {"file_path": "./photo/photo_67.png", "rotation": 0.0, "transform_matrix": [[0.5148014234337157, -0.08961323943693696, -0.8526130199265305, -2.7869240562582664], [-0.8573094507997798, -0.053811401679526874, -0.511981287371584, -1.673505954967584], [0.0, 0.9945218953682733, -0.10452846326765347, -0.34167070175568565], [0.0, 0.0, 0.0, 1.0]]}, {"file_path": "./photo/photo_68.png", "rotation": 0.0, "transform_matrix": [[0.4296941965798874, -0.0943865339478692, -0.8980278835508799, -2.9353709753040187], [-0.9029744721893112, -0.044915274043524626, -0.42734028681137703, -1.3968411198148947], [0.0, 0.9945218953682733, -0.10452846326765347, -0.34167070175568565], [0.0, 0.0, 0.0, 1.0]]}, {"file_path": "./photo/photo_69.png", "rotation": 0.0, "transform_matrix": [[0.32176621117791177, -0.09896955088195478, -0.9416323769616439, -3.0779003629714565], [-0.9468191513400072, -0.03363372758588238, -0.32000354220612487, -1.0459910287775753], [0.0, 0.9945218953682733, -0.10452846326765347, -0.34167070175568565], [0.0, 0.0, 0.0, 1.0]]}, {"file_path": "./photo/photo_70.png", "rotation": 0.0, "transform_matrix": [[0.23190902855084072, -0.10167875381184488, -0.967408721017066, -3.1621551323117556], [-0.9727374787046119, -0.024241094372313754, -0.23063860662739713, -0.753885134392116], [0.0, 0.9945218953682733, -0.10452846326765347, -0.34167070175568565], [0.0, 0.0, 0.0, 1.0]]}, {"file_path": "./photo/photo_71.png", "rotation": 0.0, "transform_matrix": [[0.12025559869307823, -0.10376989636306491, -0.9873046133751062, -3.227188552793799], [-0.9927429631999258, -0.012570132930719104, -0.11959682594088661, -0.3909244445921206], [0.0, 0.9945218953682733, -0.10452846326765347, -0.34167070175568565], [0.0, 0.0, 0.0, 1.0]]}, {"file_path": "./photo/photo_72.png", "rotation": 0.0, "transform_matrix": [[-0.04047812284303593, -0.10444279434546234, -0.9937068100201465, -3.2481153219445873], [-0.9991804249339076, 0.004231115976741846, 0.040256379450805894, 0.13158545516813644], [0.0, 0.9945218953682733, -0.10452846326765347, -0.34167070175568565], [0.0, 0.0, 0.0, 1.0]]}, {"file_path": "./photo/photo_73.png", "rotation": 0.0, "transform_matrix": [[-0.17757377775492042, -0.10286724370378521, -0.978716446999146, -3.1991165354624496], [-0.9841074908026288, 0.01856151410535366, 0.17660101002052797, 0.5772532106396019], [0.0, 0.9945218953682733, -0.10452846326765347, -0.34167070175568565], [0.0, 0.0, 0.0, 1.0]]}, {"file_path": "./photo/photo_74.png", "rotation": 0.0, "transform_matrix": [[-0.31711557469360513, -0.09913342525092733, -0.9431915374327545, -3.0829967686361033], [-0.9483869001028771, 0.03314760370096132, 0.3153783823950834, 1.0308728346611624], [0.0, 0.9945218953682733, -0.10452846326765347, -0.34167070175568565], [0.0, 0.0, 0.0, 1.0]]}, {"file_path": "./photo/photo_75.png", "rotation": 0.0, "transform_matrix": [[-0.41132704443363394, -0.09527642205840886, -0.9064946033580339, -2.9630460219625707], [-0.9114878290561489, 0.04299538385507357, 0.4090737518463676, 1.3371335566781573], [0.0, 0.9945218953682733, -0.10452846326765347, -0.34167070175568565], [0.0, 0.0, 0.0, 1.0]]}, {"file_path": "./photo/photo_76.png", "rotation": 0.0, "transform_matrix": [[-0.5026540574897511, -0.09036356565823832, -0.8597518970555512, -2.81025880243333], [-0.8644876508597968, 0.05254165618465442, 0.4999004659692603, 1.6340175458081778], [0.0, 0.9945218953682733, -0.10452846326765347, -0.34167070175568565], [0.0, 0.0, 0.0, 1.0]]}, {"file_path": "./photo/photo_77.png", "rotation": 0.0, "transform_matrix": [[-0.605287883958402, -0.08320535126398683, -0.7916460364671805, -2.5876421442191995], [-0.7960066441513914, 0.06326981234470153, 0.6019720535977615, 1.9676574930926516], [0.0, 0.9945218953682733, -0.10452846326765347, -0.34167070175568565], [0.0, 0.0, 0.0, 1.0]]}, {"file_path": "./photo/photo_78.png", "rotation": 0.0, "transform_matrix": [[-0.6920944664891211, -0.07544936954964199, -0.7178527997366175, -2.3464352404690216], [-0.7218069336430198, 0.07234357101815432, 0.6883031005866547, 2.2498465589786516], [0.0, 0.9945218953682733, -0.10452846326765347, -0.34167070175568565], [0.0, 0.0, 0.0, 1.0]]}, {"file_path": "./photo/photo_79.png", "rotation": 0.0, "transform_matrix": [[-0.761987416737542, -0.06769177868956645, -0.644044253007113, -2.1051782931429726], [-0.6475918288039523, 0.07964937370086432, 0.7578131699405946, 2.477053134420543], [0.0, 0.9945218953682733, -0.10452846326765347, -0.34167070175568565], [0.0, 0.0, 0.0, 1.0]]}, {"file_path": "./photo/photo_80.png", "rotation": 0.0, "transform_matrix": [[-0.8226553416162103, -0.05942865454538656, -0.5654258783688993, -1.8481995297151719], [-0.568540402179402, 0.08599089865806896, 0.8181487495789879, 2.6742711857669956], [0.0, 0.9945218953682733, -0.10452846326765347, -0.34167070175568565], [0.0, 0.0, 0.0, 1.0]]}, {"file_path": "./photo/photo_81.png", "rotation": 0.0, "transform_matrix": [[-0.8958017564633107, -0.04645807656246623, -0.44201907225748, -1.4448214571078006], [-0.4444538368798804, 0.09363678099557464, 0.8908944607121202, 2.912054057489985], [0.0, 0.9945218953682733, -0.10452846326765347, -0.34167070175568565], [0.0, 0.0, 0.0, 1.0]]}, {"file_path": "./photo/photo_82.png", "rotation": 0.0, "transform_matrix": [[-0.936935106907692, -0.03653305014343444, -0.347588753689024, -1.1361584173606019], [-0.34950336971747736, 0.09793638690657566, 0.9318024783589136, 3.0457695131647187], [0.0, 0.9945218953682733, -0.10452846326765347, -0.34167070175568565], [0.0, 0.0, 0.0, 1.0]]}, {"file_path": "./photo/photo_83.png", "rotation": 0.0, "transform_matrix": [[-0.9605312396974183, -0.029076905959809135, -0.27664828050278084, -0.9042763012487441], [-0.2781721365725563, 0.10040285440614524, 0.9552693490643136, 3.1224753398006024], [0.0, 0.9945218953682733, -0.10452846326765347, -0.34167070175568565], [0.0, 0.0, 0.0, 1.0]]}, {"file_path": "./photo/photo_84.png", "rotation": 0.0, "transform_matrix": [[-0.9811500770306408, -0.020199845297044588, -0.19218869007499628, -0.628204438816716], [-0.19324731910887538, 0.10255810978695272, 0.9757752342492403, 3.1895026351633526], [0.0, 0.9945218953682733, -0.10452846326765347, -0.34167070175568565], [0.0, 0.0, 0.0, 1.0]]}, {"file_path": "./photo/photo_85.png", "rotation": 0.0, "transform_matrix": [[-0.9925199615403859, -0.012761091466624512, -0.1214136750471354, -0.39686315343477047], [-0.12208245551212897, 0.10374658634228706, 0.9870828333419903, 3.226463623552698], [0.0, 0.9945218953682733, -0.10452846326765347, -0.34167070175568565], [0.0, 0.0, 0.0, 1.0]]}, {"file_path": "./photo/photo_86.png", "rotation": 0.0, "transform_matrix": [[-0.9989557676460906, -0.004775674629253208, -0.045437508937499343, -0.14852093945888684], [-0.045687791439396865, 0.10441931126440496, 0.9934833834284584, 3.2473850106208912], [0.0, 0.9945218953682733, -0.10452846326765347, -0.34167070175568565], [0.0, 0.0, 0.0, 1.0]]}, {"file_path": "./photo/photo_87.png", "rotation": 0.0, "transform_matrix": [[-0.999993778495249, -0.00036871992478574407, -0.003508135745945108, -0.011466993436056647], [-0.003527459538380539, 0.10452781294332263, 0.9945157079455762, 3.2507593550929808], [0.0, 0.9945218953682733, -0.10452846326765347, -0.34167070175568565], [0.0, 0.0, 0.0, 1.0]]}, {"file_path": "./photo/photo_88.png", "rotation": 0.0, "transform_matrix": [[-0.9963140512615074, 0.008966514248971854, 0.08531068444869812, 0.278853821357809], [0.08578059954839648, 0.10414317671033549, 0.9908561386426373, 3.238797372942176], [0.0, 0.9945218953682733, -0.10452846326765347, -0.34167070175568565], [0.0, 0.0, 0.0, 1.0]]}, {"file_path": "./photo/photo_89.png", "rotation": 0.0, "transform_matrix": [[-0.9843516606471259, 0.018419507462386943, 0.17524990706442195, 0.5728368796162052], [0.17621523254601307, 0.10289276640240679, 0.9789592792556869, 3.1999102778069517], [0.0, 0.9945218953682733, -0.10452846326765347, -0.34167070175568565], [0.0, 0.0, 0.0, 1.0]]}, {"file_path": "./photo/photo_90.png", "rotation": 0.0, "transform_matrix": [[-0.9660051700300768, 0.027022985617032275, 0.25710653380166004, 0.8404004716404276], [0.2585227484674463, 0.10097503593185223, 0.9607132926338631, 3.1402698807474403], [0.0, 0.9945218953682733, -0.10452846326765347, -0.34167070175568565], [0.0, 0.0, 0.0, 1.0]]}, {"file_path": "./photo/photo_91.png", "rotation": 0.0, "transform_matrix": [[-0.9519247660185639, 0.03202040393117201, 0.3046537929725921, 0.9958175216920858], [0.3063319112343708, 0.09950323293834108, 0.9467100225487822, 3.0944975909110073], [0.0, 0.9945218953682733, -0.10452846326765347, -0.34167070175568565], [0.0, 0.0, 0.0, 1.0]]}, {"file_path": "./photo/photo_92.png", "rotation": 0.0, "transform_matrix": [[-0.9413080986918788, 0.035283437361303696, 0.335699482253177, 1.097296124853268], [0.3375486088507552, 0.09839348901765878, 0.936151514436553, 3.059985145559533], [0.0, 0.9945218953682733, -0.10452846326765347, -0.34167070175568565], [0.0, 0.0, 0.0, 1.0]]}, {"file_path": "./photo/photo_93.png", "rotation": 0.0, "transform_matrix": [[-0.9079215254578293, 0.04381208054509885, 0.41684410180382536, 1.3625323891096048], [0.4191401956509637, 0.09490364182373062, 0.9029478363439745, 2.9514527550496665], [0.0, 0.9945218953682733, -0.10452846326765347, -0.34167070175568565], [0.0, 0.0, 0.0, 1.0]]}, {"file_path": "./photo/photo_94.png", "rotation": 0.0, "transform_matrix": [[-0.8534165264107336, 0.054483322733699276, 0.5183741891654456, 1.6944023421704733], [0.5212295391178801, 0.08920631803293279, 0.8487414213846108, 2.774269017148519], [0.0, 0.9945218953682733, -0.10452846326765347, -0.34167070175568565], [0.0, 0.0, 0.0, 1.0]]}, {"file_path": "./photo/photo_95.png", "rotation": 0.0, "transform_matrix": [[-0.7716343387093108, 0.06648704185867217, 0.6325819477265596, 2.0677116188370803], [0.6360663859414712, 0.08065775162983627, 0.7674072450644279, 2.5084131513746164], [0.0, 0.9945218953682733, -0.10452846326765347, -0.34167070175568565], [0.0, 0.0, 0.0, 1.0]]}, {"file_path": "./photo/photo_96.png", "rotation": 0.0, "transform_matrix": [[-0.6474749566074784, 0.0796597545251891, 0.7579119368865558, 2.477375972532593], [0.7620867277194532, 0.06767956221847034, 0.64392802104876, 2.104798367393225], [0.0, 0.9945218953682733, -0.10452846326765347, -0.34167070175568565], [0.0, 0.0, 0.0, 1.0]]}, {"file_path": "./photo/photo_97.png", "rotation": 0.0, "transform_matrix": [[-0.5129594629709018, 0.08972857412987285, 0.8537103562293384, 2.7905109038299405], [0.8584128315377189, 0.05361886438294916, 0.5101494173609128, 1.6675181475082075], [0.0, 0.9945218953682733, -0.10452846326765347, -0.34167070175568565], [0.0, 0.0, 0.0, 1.0]]}, {"file_path": "./photo/photo_98.png", "rotation": 0.0, "transform_matrix": [[-0.40544723809242533, 0.09555139662258828, 0.9091108115772779, 2.971597584573027], [0.9141184480816609, 0.04238077673391563, 0.4032261556995104, 1.3180196022907804], [0.0, 0.9945218953682733, -0.10452846326765347, -0.34167070175568565], [0.0, 0.0, 0.0, 1.0]]}, {"file_path": "./photo/photo_99.png", "rotation": 0.0, "transform_matrix": [[-0.25585498753305475, 0.1010492514320774, 0.9614194059511577, 3.1425779433085568], [0.9667151728169266, 0.026744128666194848, 0.2544533871407995, 0.8317281688710298], [0.0, 0.9945218953682733, -0.10452846326765347, -0.34167070175568565], [0.0, 0.0, 0.0, 1.0]]}, {"file_path": "./photo/photo_100.png", "rotation": 0.0, "transform_matrix": [[-0.1325786675007006, 0.10360573679055819, 0.985742739373628, 3.2220832774510195], [0.9911724859598045, 0.013858244375921426, 0.13185238768819685, 0.43098402503282357], [0.0, 0.9945218953682733, -0.10452846326765347, -0.34167070175568565], [0.0, 0.0, 0.0, 1.0]]}, {"file_path": "./photo/photo_101.png", "rotation": 0.0, "transform_matrix": [[-0.04170403148678248, 0.10443752438643512, 0.9936566697093027, 3.247951429023399], [0.9991300084362142, 0.004359258323379206, 0.04147557243873306, 0.1355706139539692], [0.0, 0.9945218953682733, -0.10452846326765347, -0.34167070175568565], [0.0, 0.0, 0.0, 1.0]]}, {"file_path": "./photo/photo_102.png", "rotation": 0.0, "transform_matrix": [[0.030362221655202134, 0.10448027161858627, 0.9940633824553979, 3.249280845194146], [0.999538961469817, -0.003173716371010149, -0.030195894228123257, -0.09870089015511205], [0.0, 0.9945218953682733, -0.10452846326765347, -0.34167070175568565], [0.0, 0.0, 0.0, 1.0]]}, {"file_path": "./photo/photo_103.png", "rotation": 0.0, "transform_matrix": [[0.1486739505334204, 0.1033667622255969, 0.983469048267297, 3.214651295657825], [0.9888862707272187, -0.015540659577189562, -0.14785949907638615, -0.48330624244723097], [0.0, 0.9945218953682733, -0.10452846326765347, -0.34167070175568565], [0.0, 0.0, 0.0, 1.0]]}, {"file_path": "./photo/photo_104.png", "rotation": 0.0, "transform_matrix": [[0.24337998366231858, 0.10138539899591993, 0.9646176363839547, 3.1530319536535867], [0.969931019997056, -0.02544013568232877, -0.24204672264654847, -0.7911746810296959], [0.0, 0.9945218953682733, -0.10452846326765347, -0.34167070175568565], [0.0, 0.0, 0.0, 1.0]]}, {"file_path": "./photo/photo_105.png", "rotation": 0.0, "transform_matrix": [[0.3495033697174773, 0.09793638690657568, 0.9318024783589137, 3.0457695131647187], [0.9369351069076921, -0.036533050143434435, -0.3475887536890239, -1.1361584173606016], [0.0, 0.9945218953682733, -0.10452846326765347, -0.34167070175568565], [0.0, 0.0, 0.0, 1.0]]}, {"file_path": "./photo/photo_106.png", "rotation": 0.0, "transform_matrix": [[0.4567759739593887, 0.0929866144347016, 0.8847085390960256, 2.891834223451435], [0.8895817610615968, -0.0477460906155606, -0.45427370738078027, -1.4848780087057765], [0.0, 0.9945218953682733, -0.10452846326765347, -0.34167070175568565], [0.0, 0.0, 0.0, 1.0]]}]}