{
    "camera_angle_x": 0.6911112070083618,
    "frames": [
        {
            "file_path": "./data/r_0",
            "rotation": 0.0,
            "transform_matrix": [
                [
                    1.0,
                    0.0,
                    0.0,
                    0.0
                ],
                [
                    0.0,
                    1.0,
                    0.0,
                    0.5
                ],
                [
                    0.0,
                    0.0,
                    1.0,
                    1.0
                ],
                [
                    0.0,
                    0.0,
                    0.0,
                    1.0
                ]
            ]
        },
        {
            "file_path": "./data/r_1",
            "rotation": 0.017453292519943295,
            "transform_matrix": [
                [
                    1.0,
                    0.0,
                    0.0,
                    0.0
                ],
                [
                    0.0,
                    0.9998476951563913,
                    -0.01745240643728351,
                    0.5
                ],
                [
                    0.0,
                    0.01745240643728351,
                    0.9998476951563913,
                    1.0
                ],
                [
                    0.0,
                    0.0,
                    0.0,
                    1.0
                ]
            ]
        },
        {
            "file_path": "./data/r_2",
            "rotation": 0.03490658503988659,
            "transform_matrix": [
                [
                    1.0,
                    0.0,
                    0.0,
                    0.0
                ],
                [
                    0.0,
                    0.9993908270190958,
                    -0.03489949670250097,
                    0.5
                ],
                [
                    0.0,
                    0.03489949670250097,
                    0.9993908270190958,
                    1.0
                ],
                [
                    0.0,
                    0.0,
                    0.0,
                    1.0
                ]
            ]
        },
        {
            "file_path": "./data/r_3",
            "rotation": 0.05235987755982989,
            "transform_matrix": [
                [
                    1.0,
                    0.0,
                    0.0,
                    0.0
                ],
                [
                    0.0,
                    0.9986295347545738,
                    -0.052335956242943835,
                    0.5
                ],
                [
                    0.0,
                    0.052335956242943835,
                    0.9986295347545738,
                    1.0
                ],
                [
                    0.0,
                    0.0,
                    0.0,
                    1.0
                ]
            ]
        },
        {
            "file_path": "./data/r_4",
            "rotation": 0.06981317007977318,
            "transform_matrix": [
                [
                    1.0,
                    0.0,
                    0.0,
                    0.0
                ],
                [
                    0.0,
                    0.9975640502598242,
                    -0.0697564737441253,
                    0.5
                ],
                [
                    0.0,
                    0.0697564737441253,
                    0.9975640502598242,
                    1.0
                ],
                [
                    0.0,
                    0.0,
                    0.0,
                    1.0
                ]
            ]
        },
        {
            "file_path": "./data/r_5",
            "rotation": 0.08726646259971647,
            "transform_matrix": [
                [
                    1.0,
                    0.0,
                    0.0,
                    0.0
                ],
                [
                    0.0,
                    0.9961946980917455,
                    -0.08715574274765817,
                    0.5
                ],
                [
                    0.0,
                    0.08715574274765817,
                    0.9961946980917455,
                    1.0
                ],
                [
                    0.0,
                    0.0,
                    0.0,
                    1.0
                ]
            ]
        },
        {
            "file_path": "./data/r_6",
            "rotation": 0.10471975511965978,
            "transform_matrix": [
                [
                    1.0,
                    0.0,
                    0.0,
                    0.0
                ],
                [
                    0.0,
                    0.9945218953682733,
                    -0.10452846326765347,
                    0.5
                ],
                [
                    0.0,
                    0.10452846326765347,
                    0.9945218953682733,
                    1.0
                ],
                [
                    0.0,
                    0.0,
                    0.0,
                    1.0
                ]
            ]
        },
        {
            "file_path": "./data/r_7",
            "rotation": 0.12217304763960307,
            "transform_matrix": [
                [
                    1.0,
                    0.0,
                    0.0,
                    0.0
                ],
                [
                    0.0,
                    0.992546151641322,
                    -0.12186934340514748,
                    0.5
                ],
                [
                    0.0,
                    0.12186934340514748,
                    0.992546151641322,
                    1.0
                ],
                [
                    0.0,
                    0.0,
                    0.0,
                    1.0
                ]
            ]
        },
        {
            "file_path": "./data/r_8",
            "rotation": 0.13962634015954636,
            "transform_matrix": [
                [
                    1.0,
                    0.0,
                    0.0,
                    0.0
                ],
                [
                    0.0,
                    0.9902680687415704,
                    -0.13917310096006544,
                    0.5
                ],
                [
                    0.0,
                    0.13917310096006544,
                    0.9902680687415704,
                    1.0
                ],
                [
                    0.0,
                    0.0,
                    0.0,
                    1.0
                ]
            ]
        },
        {
            "file_path": "./data/r_9",
            "rotation": 0.15707963267948966,
            "transform_matrix": [
                [
                    1.0,
                    0.0,
                    0.0,
                    0.0
                ],
                [
                    0.0,
                    0.9876883405951378,
                    -0.15643446504023087,
                    0.5
                ],
                [
                    0.0,
                    0.15643446504023087,
                    0.9876883405951378,
                    1.0
                ],
                [
                    0.0,
                    0.0,
                    0.0,
                    1.0
                ]
            ]
        },
        {
            "file_path": "./data/r_10",
            "rotation": 0.17453292519943295,
            "transform_matrix": [
                [
                    1.0,
                    0.0,
                    0.0,
                    0.0
                ],
                [
                    0.0,
                    0.984807753012208,
                    -0.17364817766693033,
                    0.5
                ],
                [
                    0.0,
                    0.17364817766693033,
                    0.984807753012208,
                    1.0
                ],
                [
                    0.0,
                    0.0,
                    0.0,
                    1.0
                ]
            ]
        },
        {
            "file_path": "./data/r_11",
            "rotation": 0.19198621771937624,
            "transform_matrix": [
                [
                    1.0,
                    0.0,
                    0.0,
                    0.0
                ],
                [
                    0.0,
                    0.981627183447664,
                    -0.1908089953765448,
                    0.5
                ],
                [
                    0.0,
                    0.1908089953765448,
                    0.981627183447664,
                    1.0
                ],
                [
                    0.0,
                    0.0,
                    0.0,
                    1.0
                ]
            ]
        },
        {
            "file_path": "./data/r_12",
            "rotation": 0.20943951023931956,
            "transform_matrix": [
                [
                    1.0,
                    0.0,
                    0.0,
                    0.0
                ],
                [
                    0.0,
                    0.9781476007338057,
                    -0.20791169081775934,
                    0.5
                ],
                [
                    0.0,
                    0.20791169081775934,
                    0.9781476007338057,
                    1.0
                ],
                [
                    0.0,
                    0.0,
                    0.0,
                    1.0
                ]
            ]
        },
        {
            "file_path": "./data/r_13",
            "rotation": 0.22689280275926285,
            "transform_matrix": [
                [
                    1.0,
                    0.0,
                    0.0,
                    0.0
                ],
                [
                    0.0,
                    0.9743700647852352,
                    -0.224951054343865,
                    0.5
                ],
                [
                    0.0,
                    0.224951054343865,
                    0.9743700647852352,
                    1.0
                ],
                [
                    0.0,
                    0.0,
                    0.0,
                    1.0
                ]
            ]
        },
        {
            "file_path": "./data/r_14",
            "rotation": 0.24434609527920614,
            "transform_matrix": [
                [
                    1.0,
                    0.0,
                    0.0,
                    0.0
                ],
                [
                    0.0,
                    0.9702957262759965,
                    -0.24192189559966773,
                    0.5
                ],
                [
                    0.0,
                    0.24192189559966773,
                    0.9702957262759965,
                    1.0
                ],
                [
                    0.0,
                    0.0,
                    0.0,
                    1.0
                ]
            ]
        },
        {
            "file_path": "./data/r_15",
            "rotation": 0.2617993877991494,
            "transform_matrix": [
                [
                    1.0,
                    0.0,
                    0.0,
                    0.0
                ],
                [
                    0.0,
                    0.9659258262890683,
                    -0.25881904510252074,
                    0.5
                ],
                [
                    0.0,
                    0.25881904510252074,
                    0.9659258262890683,
                    1.0
                ],
                [
                    0.0,
                    0.0,
                    0.0,
                    1.0
                ]
            ]
        },
        {
            "file_path": "./data/r_16",
            "rotation": 0.2792526803190927,
            "transform_matrix": [
                [
                    1.0,
                    0.0,
                    0.0,
                    0.0
                ],
                [
                    0.0,
                    0.9612616959383189,
                    -0.27563735581699916,
                    0.5
                ],
                [
                    0.0,
                    0.27563735581699916,
                    0.9612616959383189,
                    1.0
                ],
                [
                    0.0,
                    0.0,
                    0.0,
                    1.0
                ]
            ]
        },
        {
            "file_path": "./data/r_17",
            "rotation": 0.29670597283903605,
            "transform_matrix": [
                [
                    1.0,
                    0.0,
                    0.0,
                    0.0
                ],
                [
                    0.0,
                    0.9563047559630354,
                    -0.29237170472273677,
                    0.5
                ],
                [
                    0.0,
                    0.29237170472273677,
                    0.9563047559630354,
                    1.0
                ],
                [
                    0.0,
                    0.0,
                    0.0,
                    1.0
                ]
            ]
        },
        {
            "file_path": "./data/r_18",
            "rotation": 0.3141592653589793,
            "transform_matrix": [
                [
                    1.0,
                    0.0,
                    0.0,
                    0.0
                ],
                [
                    0.0,
                    0.9510565162951535,
                    -0.3090169943749474,
                    0.5
                ],
                [
                    0.0,
                    0.3090169943749474,
                    0.9510565162951535,
                    1.0
                ],
                [
                    0.0,
                    0.0,
                    0.0,
                    1.0
                ]
            ]
        },
        {
            "file_path": "./data/r_19",
            "rotation": 0.33161255787892263,
            "transform_matrix": [
                [
                    1.0,
                    0.0,
                    0.0,
                    0.0
                ],
                [
                    0.0,
                    0.9455185755993168,
                    -0.3255681544571567,
                    0.5
                ],
                [
                    0.0,
                    0.3255681544571567,
                    0.9455185755993168,
                    1.0
                ],
                [
                    0.0,
                    0.0,
                    0.0,
                    1.0
                ]
            ]
        },
        {
            "file_path": "./data/r_20",
            "rotation": 0.3490658503988659,
            "transform_matrix": [
                [
                    1.0,
                    0.0,
                    0.0,
                    0.0
                ],
                [
                    0.0,
                    0.9396926207859084,
                    -0.3420201433256687,
                    0.5
                ],
                [
                    0.0,
                    0.3420201433256687,
                    0.9396926207859084,
                    1.0
                ],
                [
                    0.0,
                    0.0,
                    0.0,
                    1.0
                ]
            ]
        },
        {
            "file_path": "./data/r_21",
            "rotation": 0.3665191429188092,
            "transform_matrix": [
                [
                    1.0,
                    0.0,
                    0.0,
                    0.0
                ],
                [
                    0.0,
                    0.9335804264972017,
                    -0.35836794954530027,
                    0.5
                ],
                [
                    0.0,
                    0.35836794954530027,
                    0.9335804264972017,
                    1.0
                ],
                [
                    0.0,
                    0.0,
                    0.0,
                    1.0
                ]
            ]
        },
        {
            "file_path": "./data/r_22",
            "rotation": 0.3839724354387525,
            "transform_matrix": [
                [
                    1.0,
                    0.0,
                    0.0,
                    0.0
                ],
                [
                    0.0,
                    0.9271838545667874,
                    -0.374606593415912,
                    0.5
                ],
                [
                    0.0,
                    0.374606593415912,
                    0.9271838545667874,
                    1.0
                ],
                [
                    0.0,
                    0.0,
                    0.0,
                    1.0
                ]
            ]
        },
        {
            "file_path": "./data/r_23",
            "rotation": 0.4014257279586958,
            "transform_matrix": [
                [
                    1.0,
                    0.0,
                    0.0,
                    0.0
                ],
                [
                    0.0,
                    0.9205048534524404,
                    -0.39073112848927377,
                    0.5
                ],
                [
                    0.0,
                    0.39073112848927377,
                    0.9205048534524404,
                    1.0
                ],
                [
                    0.0,
                    0.0,
                    0.0,
                    1.0
                ]
            ]
        },
        {
            "file_path": "./data/r_24",
            "rotation": 0.4188790204786391,
            "transform_matrix": [
                [
                    1.0,
                    0.0,
                    0.0,
                    0.0
                ],
                [
                    0.0,
                    0.9135454576426009,
                    -0.4067366430758002,
                    0.5
                ],
                [
                    0.0,
                    0.4067366430758002,
                    0.9135454576426009,
                    1.0
                ],
                [
                    0.0,
                    0.0,
                    0.0,
                    1.0
                ]
            ]
        },
        {
            "file_path": "./data/r_25",
            "rotation": 0.4363323129985824,
            "transform_matrix": [
                [
                    1.0,
                    0.0,
                    0.0,
                    0.0
                ],
                [
                    0.0,
                    0.9063077870366499,
                    -0.42261826174069944,
                    0.5
                ],
                [
                    0.0,
                    0.42261826174069944,
                    0.9063077870366499,
                    1.0
                ],
                [
                    0.0,
                    0.0,
                    0.0,
                    1.0
                ]
            ]
        },
        {
            "file_path": "./data/r_26",
            "rotation": 0.4537856055185257,
            "transform_matrix": [
                [
                    1.0,
                    0.0,
                    0.0,
                    0.0
                ],
                [
                    0.0,
                    0.898794046299167,
                    -0.4383711467890774,
                    0.5
                ],
                [
                    0.0,
                    0.4383711467890774,
                    0.898794046299167,
                    1.0
                ],
                [
                    0.0,
                    0.0,
                    0.0,
                    1.0
                ]
            ]
        },
        {
            "file_path": "./data/r_27",
            "rotation": 0.47123889803846897,
            "transform_matrix": [
                [
                    1.0,
                    0.0,
                    0.0,
                    0.0
                ],
                [
                    0.0,
                    0.8910065241883679,
                    -0.45399049973954675,
                    0.5
                ],
                [
                    0.0,
                    0.45399049973954675,
                    0.8910065241883679,
                    1.0
                ],
                [
                    0.0,
                    0.0,
                    0.0,
                    1.0
                ]
            ]
        },
        {
            "file_path": "./data/r_28",
            "rotation": 0.4886921905584123,
            "transform_matrix": [
                [
                    1.0,
                    0.0,
                    0.0,
                    0.0
                ],
                [
                    0.0,
                    0.882947592858927,
                    -0.4694715627858908,
                    0.5
                ],
                [
                    0.0,
                    0.4694715627858908,
                    0.882947592858927,
                    1.0
                ],
                [
                    0.0,
                    0.0,
                    0.0,
                    1.0
                ]
            ]
        },
        {
            "file_path": "./data/r_29",
            "rotation": 0.5061454830783556,
            "transform_matrix": [
                [
                    1.0,
                    0.0,
                    0.0,
                    0.0
                ],
                [
                    0.0,
                    0.8746197071393957,
                    -0.48480962024633706,
                    0.5
                ],
                [
                    0.0,
                    0.48480962024633706,
                    0.8746197071393957,
                    1.0
                ],
                [
                    0.0,
                    0.0,
                    0.0,
                    1.0
                ]
            ]
        },
        {
            "file_path": "./data/r_30",
            "rotation": 0.5235987755982988,
            "transform_matrix": [
                [
                    1.0,
                    0.0,
                    0.0,
                    0.0
                ],
                [
                    0.0,
                    0.8660254037844387,
                    -0.49999999999999994,
                    0.5
                ],
                [
                    0.0,
                    0.49999999999999994,
                    0.8660254037844387,
                    1.0
                ],
                [
                    0.0,
                    0.0,
                    0.0,
                    1.0
                ]
            ]
        },
        {
            "file_path": "./data/r_31",
            "rotation": 0.5410520681182421,
            "transform_matrix": [
                [
                    1.0,
                    0.0,
                    0.0,
                    0.0
                ],
                [
                    0.0,
                    0.8571673007021123,
                    -0.5150380749100542,
                    0.5
                ],
                [
                    0.0,
                    0.5150380749100542,
                    0.8571673007021123,
                    1.0
                ],
                [
                    0.0,
                    0.0,
                    0.0,
                    1.0
                ]
            ]
        },
        {
            "file_path": "./data/r_32",
            "rotation": 0.5585053606381855,
            "transform_matrix": [
                [
                    1.0,
                    0.0,
                    0.0,
                    0.0
                ],
                [
                    0.0,
                    0.848048096156426,
                    -0.5299192642332049,
                    0.5
                ],
                [
                    0.0,
                    0.5299192642332049,
                    0.848048096156426,
                    1.0
                ],
                [
                    0.0,
                    0.0,
                    0.0,
                    1.0
                ]
            ]
        },
        {
            "file_path": "./data/r_33",
            "rotation": 0.5759586531581288,
            "transform_matrix": [
                [
                    1.0,
                    0.0,
                    0.0,
                    0.0
                ],
                [
                    0.0,
                    0.838670567945424,
                    -0.5446390350150271,
                    0.5
                ],
                [
                    0.0,
                    0.5446390350150271,
                    0.838670567945424,
                    1.0
                ],
                [
                    0.0,
                    0.0,
                    0.0,
                    1.0
                ]
            ]
        },
        {
            "file_path": "./data/r_34",
            "rotation": 0.5934119456780721,
            "transform_matrix": [
                [
                    1.0,
                    0.0,
                    0.0,
                    0.0
                ],
                [
                    0.0,
                    0.8290375725550417,
                    -0.5591929034707469,
                    0.5
                ],
                [
                    0.0,
                    0.5591929034707469,
                    0.8290375725550417,
                    1.0
                ],
                [
                    0.0,
                    0.0,
                    0.0,
                    1.0
                ]
            ]
        },
        {
            "file_path": "./data/r_35",
            "rotation": 0.6108652381980153,
            "transform_matrix": [
                [
                    1.0,
                    0.0,
                    0.0,
                    0.0
                ],
                [
                    0.0,
                    0.8191520442889918,
                    -0.573576436351046,
                    0.5
                ],
                [
                    0.0,
                    0.573576436351046,
                    0.8191520442889918,
                    1.0
                ],
                [
                    0.0,
                    0.0,
                    0.0,
                    1.0
                ]
            ]
        },
        {
            "file_path": "./data/r_36",
            "rotation": 0.6283185307179586,
            "transform_matrix": [
                [
                    1.0,
                    0.0,
                    0.0,
                    0.0
                ],
                [
                    0.0,
                    0.8090169943749475,
                    -0.5877852522924731,
                    0.5
                ],
                [
                    0.0,
                    0.5877852522924731,
                    0.8090169943749475,
                    1.0
                ],
                [
                    0.0,
                    0.0,
                    0.0,
                    1.0
                ]
            ]
        },
        {
            "file_path": "./data/r_37",
            "rotation": 0.6457718232379019,
            "transform_matrix": [
                [
                    1.0,
                    0.0,
                    0.0,
                    0.0
                ],
                [
                    0.0,
                    0.7986355100472928,
                    -0.6018150231520483,
                    0.5
                ],
                [
                    0.0,
                    0.6018150231520483,
                    0.7986355100472928,
                    1.0
                ],
                [
                    0.0,
                    0.0,
                    0.0,
                    1.0
                ]
            ]
        },
        {
            "file_path": "./data/r_38",
            "rotation": 0.6632251157578453,
            "transform_matrix": [
                [
                    1.0,
                    0.0,
                    0.0,
                    0.0
                ],
                [
                    0.0,
                    0.7880107536067219,
                    -0.6156614753256583,
                    0.5
                ],
                [
                    0.0,
                    0.6156614753256583,
                    0.7880107536067219,
                    1.0
                ],
                [
                    0.0,
                    0.0,
                    0.0,
                    1.0
                ]
            ]
        },
        {
            "file_path": "./data/r_39",
            "rotation": 0.6806784082777885,
            "transform_matrix": [
                [
                    1.0,
                    0.0,
                    0.0,
                    0.0
                ],
                [
                    0.0,
                    0.7771459614569709,
                    -0.6293203910498374,
                    0.5
                ],
                [
                    0.0,
                    0.6293203910498374,
                    0.7771459614569709,
                    1.0
                ],
                [
                    0.0,
                    0.0,
                    0.0,
                    1.0
                ]
            ]
        },
        {
            "file_path": "./data/r_40",
            "rotation": 0.6981317007977318,
            "transform_matrix": [
                [
                    1.0,
                    0.0,
                    0.0,
                    0.0
                ],
                [
                    0.0,
                    0.766044443118978,
                    -0.6427876096865393,
                    0.5
                ],
                [
                    0.0,
                    0.6427876096865393,
                    0.766044443118978,
                    1.0
                ],
                [
                    0.0,
                    0.0,
                    0.0,
                    1.0
                ]
            ]
        },
        {
            "file_path": "./data/r_41",
            "rotation": 0.7155849933176751,
            "transform_matrix": [
                [
                    1.0,
                    0.0,
                    0.0,
                    0.0
                ],
                [
                    0.0,
                    0.754709580222772,
                    -0.6560590289905073,
                    0.5
                ],
                [
                    0.0,
                    0.6560590289905073,
                    0.754709580222772,
                    1.0
                ],
                [
                    0.0,
                    0.0,
                    0.0,
                    1.0
                ]
            ]
        },
        {
            "file_path": "./data/r_42",
            "rotation": 0.7330382858376184,
            "transform_matrix": [
                [
                    1.0,
                    0.0,
                    0.0,
                    0.0
                ],
                [
                    0.0,
                    0.7431448254773942,
                    -0.6691306063588582,
                    0.5
                ],
                [
                    0.0,
                    0.6691306063588582,
                    0.7431448254773942,
                    1.0
                ],
                [
                    0.0,
                    0.0,
                    0.0,
                    1.0
                ]
            ]
        },
        {
            "file_path": "./data/r_43",
            "rotation": 0.7504915783575618,
            "transform_matrix": [
                [
                    1.0,
                    0.0,
                    0.0,
                    0.0
                ],
                [
                    0.0,
                    0.7313537016191705,
                    -0.6819983600624985,
                    0.5
                ],
                [
                    0.0,
                    0.6819983600624985,
                    0.7313537016191705,
                    1.0
                ],
                [
                    0.0,
                    0.0,
                    0.0,
                    1.0
                ]
            ]
        },
        {
            "file_path": "./data/r_44",
            "rotation": 0.767944870877505,
            "transform_matrix": [
                [
                    1.0,
                    0.0,
                    0.0,
                    0.0
                ],
                [
                    0.0,
                    0.7193398003386512,
                    -0.6946583704589973,
                    0.5
                ],
                [
                    0.0,
                    0.6946583704589973,
                    0.7193398003386512,
                    1.0
                ],
                [
                    0.0,
                    0.0,
                    0.0,
                    1.0
                ]
            ]
        },
        {
            "file_path": "./data/r_45",
            "rotation": 0.7853981633974483,
            "transform_matrix": [
                [
                    1.0,
                    0.0,
                    0.0,
                    0.0
                ],
                [
                    0.0,
                    0.7071067811865476,
                    -0.7071067811865476,
                    0.5
                ],
                [
                    0.0,
                    0.7071067811865476,
                    0.7071067811865476,
                    1.0
                ],
                [
                    0.0,
                    0.0,
                    0.0,
                    1.0
                ]
            ]
        },
        {
            "file_path": "./data/r_46",
            "rotation": 0.8028514559173916,
            "transform_matrix": [
                [
                    1.0,
                    0.0,
                    0.0,
                    0.0
                ],
                [
                    0.0,
                    0.6946583704589973,
                    -0.7193398003386512,
                    0.5
                ],
                [
                    0.0,
                    0.7193398003386512,
                    0.6946583704589973,
                    1.0
                ],
                [
                    0.0,
                    0.0,
                    0.0,
                    1.0
                ]
            ]
        },
        {
            "file_path": "./data/r_47",
            "rotation": 0.8203047484373349,
            "transform_matrix": [
                [
                    1.0,
                    0.0,
                    0.0,
                    0.0
                ],
                [
                    0.0,
                    0.6819983600624985,
                    -0.7313537016191705,
                    0.5
                ],
                [
                    0.0,
                    0.7313537016191705,
                    0.6819983600624985,
                    1.0
                ],
                [
                    0.0,
                    0.0,
                    0.0,
                    1.0
                ]
            ]
        },
        {
            "file_path": "./data/r_48",
            "rotation": 0.8377580409572782,
            "transform_matrix": [
                [
                    1.0,
                    0.0,
                    0.0,
                    0.0
                ],
                [
                    0.0,
                    0.6691306063588582,
                    -0.7431448254773942,
                    0.5
                ],
                [
                    0.0,
                    0.7431448254773942,
                    0.6691306063588582,
                    1.0
                ],
                [
                    0.0,
                    0.0,
                    0.0,
                    1.0
                ]
            ]
        },
        {
            "file_path": "./data/r_49",
            "rotation": 0.8552113334772214,
            "transform_matrix": [
                [
                    1.0,
                    0.0,
                    0.0,
                    0.0
                ],
                [
                    0.0,
                    0.6560590289905073,
                    -0.754709580222772,
                    0.5
                ],
                [
                    0.0,
                    0.754709580222772,
                    0.6560590289905073,
                    1.0
                ],
                [
                    0.0,
                    0.0,
                    0.0,
                    1.0
                ]
            ]
        },
        {
            "file_path": "./data/r_50",
            "rotation": 0.8726646259971648,
            "transform_matrix": [
                [
                    1.0,
                    0.0,
                    0.0,
                    0.0
                ],
                [
                    0.0,
                    0.6427876096865394,
                    -0.766044443118978,
                    0.5
                ],
                [
                    0.0,
                    0.766044443118978,
                    0.6427876096865394,
                    1.0
                ],
                [
                    0.0,
                    0.0,
                    0.0,
                    1.0
                ]
            ]
        },
        {
            "file_path": "./data/r_51",
            "rotation": 0.8901179185171081,
            "transform_matrix": [
                [
                    1.0,
                    0.0,
                    0.0,
                    0.0
                ],
                [
                    0.0,
                    0.6293203910498375,
                    -0.7771459614569709,
                    0.5
                ],
                [
                    0.0,
                    0.7771459614569709,
                    0.6293203910498375,
                    1.0
                ],
                [
                    0.0,
                    0.0,
                    0.0,
                    1.0
                ]
            ]
        },
        {
            "file_path": "./data/r_52",
            "rotation": 0.9075712110370514,
            "transform_matrix": [
                [
                    1.0,
                    0.0,
                    0.0,
                    0.0
                ],
                [
                    0.0,
                    0.6156614753256583,
                    -0.788010753606722,
                    0.5
                ],
                [
                    0.0,
                    0.788010753606722,
                    0.6156614753256583,
                    1.0
                ],
                [
